1.800000000000000000e+02 2.075293288000000125e+00
1.700000000000000000e+02 1.415986935999999918e+00
1.600000000000000000e+02 3.905031800000000053e-01
1.500000000000000000e+02 0.000000000000000000e+00
1.400000000000000000e+02 7.319908000000000525e-01
1.300000000000000000e+02 2.710035375999999996e+00
1.200000000000000000e+02 5.437651920000000416e+00
1.100000000000000000e+02 8.193527200000000121e+00
1.000000000000000000e+02 1.025385432000000030e+01
9.000000000000000000e+01 1.118215840000000050e+01
8.000000000000000000e+01 1.067970183999999989e+01
7.000000000000000000e+01 8.982629600000000991e+00
6.000000000000000000e+01 6.549926479999999884e+00
5.000000000000000000e+01 4.099177768000000555e+00
4.000000000000000000e+01 2.393423728000000139e+00
3.000000000000000000e+01 1.712812448000000209e+00
2.000000000000000000e+01 1.964191352000000057e+00
1.000000000000000000e+01 2.573222760000000164e+00
0.000000000000000000e+00 2.731921880000000247e+00
