1.800000000000000000e+02 2.309429928000000132e+00
1.700000000000000000e+02 2.332864512000000001e+00
1.600000000000000000e+02 2.420109280000000140e+00
1.500000000000000000e+02 3.112845791999999889e+00
1.400000000000000000e+02 4.816913679999999864e+00
1.300000000000000000e+02 7.394048480000000367e+00
1.200000000000000000e+02 1.040606823999999975e+01
1.100000000000000000e+02 1.328905343999999999e+01
1.000000000000000000e+02 1.547075840000000113e+01
9.000000000000000000e+01 1.645027463999999995e+01
8.000000000000000000e+01 1.605317120000000131e+01
7.000000000000000000e+01 1.416714952000000061e+01
6.000000000000000000e+01 1.115977400000000053e+01
5.000000000000000000e+01 7.496849360000000573e+00
4.000000000000000000e+01 3.992435560000000105e+00
3.000000000000000000e+01 1.398246776000000136e+00
2.000000000000000000e+01 1.234589616000000001e-01
1.000000000000000000e+01 0.000000000000000000e+00
0.000000000000000000e+00 3.954361160000000042e-02
