0.0000000000 0.000000000
10.0000000000 0.848955302
20.0000000000 3.070022961
30.0000000000 5.987294354
40.0000000000 8.987216474
50.0000000000 11.877287691
60.0000000000 14.533111832
70.0000000000 16.825934395
80.0000000000 18.486484139
90.0000000000 19.257882183
100.0000000000 18.944791353
110.0000000000 17.607913202
120.0000000000 15.513893470
130.0000000000 13.148423332
140.0000000000 11.581892729
150.0000000000 13.162758560
160.0000000000 19.433974442
170.0000000000 28.142861702
180.0000000000 32.347021733
