0.0000000000 0.000000000
10.0000000000 0.003728209
20.0000000000 -0.336037696
30.0000000000 -0.021739136
40.0000000000 1.708228818
50.0000000000 4.897528226
60.0000000000 8.961722873
70.0000000000 12.912522191
80.0000000000 15.779620287
90.0000000000 16.841739902
100.0000000000 15.818713975
110.0000000000 12.945419702
120.0000000000 8.936623096
130.0000000000 4.768589940
140.0000000000 1.430503468
150.0000000000 -0.401753952
160.0000000000 -0.654668330
170.0000000000 0.039146200
180.0000000000 0.692029190
