0.0000000000 0.000000000
10.0000000000 -3.678962964
20.0000000000 -0.742504420
30.0000000000 13.863079078
40.0000000000 38.564170702
50.0000000000 70.153402356
60.0000000000 105.903840869
70.0000000000 144.268733524
80.0000000000 184.339373900
90.0000000000 224.893408138
120.0000270000 118.926571032
110.0000270000 156.045175774
100.0000270000 196.160281612
130.0000000000 87.335590795
140.0000000000 64.749226218
150.0000000000 56.195534866
160.0000000000 65.248016010
170.0000000000 84.317534348
180.0000000000 87.461824816
